$ 1 0.000005 10.20027730826997 50 5 43 5e-11
r 32 192 32 272 0 0.01
w 32 128 32 192 1
w 336 208 336 128 0
w 208 128 112 128 0
w 112 128 112 192 0
r 112 192 32 192 0 1000
r -32 224 -32 336 0 4
w 32 272 32 336 0
r 336 128 208 128 0 20000
w 336 208 464 208 3
r 32 272 112 272 0 1000
w 112 224 112 272 0
r 112 272 112 352 0 10000
g 112 352 112 400 0 0
409 224 208 320 208 1 0.8 -1.424897561023406 0.016 0
w 112 192 224 192 3
w 112 224 224 224 3
w 320 208 336 208 0
R 272 320 272 352 0 0 40 -3.3 0 0 0.5
w 272 240 272 320 1
R 272 176 272 144 0 0 40 3.3 0 0 0.5
v -32 128 -32 224 0 0 40 30 0 0 0.5
409 544 224 704 224 1 0.8 -5.297524655984678 0.016 0
R 624 192 624 144 0 0 40 3.3 0 0 0.5
R 624 320 624 352 0 0 40 -3.3 0 0 0.5
r 368 240 432 240 0 10000
r 544 240 544 336 0 2500
g 544 336 544 368 0 0
R 368 240 336 240 0 0 40 3.3 0 0 0.5
r 464 208 544 208 0 10000
w 544 208 544 96 0
r 544 96 704 96 0 10000
w 704 96 704 224 0
w -32 336 32 128 0
w -32 128 32 336 0
w 624 256 624 320 1
r 800 224 800 304 0 10000
g 800 304 800 336 0 0
w 432 240 544 240 3
c 864 224 864 304 0 1e-7 2.322699117917208 0.001
w 864 304 800 304 0
w 800 224 864 224 3
34 1SS357,H3F 0 0.000019999999999999998 0.084 1.7699694593 10 0
d 752 224 800 224 2 1SS357,H3F
w 704 224 752 224 3
o 41 16 0 4099 2.5 0.00009765625 0 2 41 3
